0 65
1 44
1 76
2 7
2 8
2 35
2 71
2 74
3 8
3 49
3 60
3 64
3 69
3 92
3 97
4 90
4 99
5 35
5 77
6 56
6 73
6 95
7 15
7 29
7 32
8 23
8 60
8 64
8 71
8 91
9 61
9 88
10 19
10 20
10 31
10 34
10 76
11 14
11 25
11 31
11 33
11 35
11 39
11 57
12 29
12 62
12 73
12 75
13 42
13 93
14 52
14 97
15 98
16 54
16 65
17 40
17 47
17 68
17 74
17 75
17 77
18 80
18 96
19 58
19 78
20 33
20 36
20 49
20 80
20 81
20 94
21 22
21 30
21 35
21 82
22 59
23 33
23 54
23 84
24 47
24 54
25 38
25 58
25 70
25 89
26 56
26 58
26 65
26 73
27 30
27 34
27 61
27 85
28 49
28 64
28 70
28 77
28 97
29 42
29 66
29 99
30 33
30 40
30 57
31 36
31 86
32 71
32 72
33 56
33 63
33 70
33 74
34 47
34 85
34 93
35 64
35 99
36 44
36 47
36 51
36 72
36 77
37 95
38 48
38 78
39 57
39 95
40 98
41 77
41 94
41 96
41 98
42 73
42 89
43 61
43 69
43 77
43 91
44 60
44 62
45 56
45 68
46 49
46 57
47 48
47 72
47 94
49 54
50 63
50 73
51 71
52 86
52 99
53 58
53 73
53 76
53 94
54 76
54 79
54 80
55 58
58 73
58 85
59 65
59 86
60 66
61 66
62 69
62 74
62 98
63 68
63 79
63 89
63 91
64 87
64 90
65 77
65 94
66 77
66 84
67 80
68 84
68 98
69 79
70 93
71 83
73 76
73 96
74 84
77 89
77 99
78 97
80 94
82 88
82 95
83 91
84 90
86 89
87 98
92 93
