0 6
0 41
0 99
0 146
0 202
0 205
1 13
1 33
1 42
1 43
1 253
2 3
2 5
2 75
2 150
2 204
2 206
3 35
3 41
3 59
3 75
3 81
3 138
3 146
3 150
3 163
4 20
4 27
4 85
4 109
5 36
5 144
5 204
5 221
5 259
6 26
6 41
6 52
6 86
6 99
6 133
6 173
6 216
6 257
6 276
7 32
7 48
7 105
7 256
8 18
8 66
8 142
8 187
8 265
9 147
9 219
9 240
9 243
9 248
10 33
10 43
10 103
10 107
10 152
10 269
11 12
11 23
11 46
11 47
11 49
11 51
11 242
11 261
12 17
12 21
12 51
12 128
12 261
13 33
13 42
13 43
13 140
13 253
13 277
14 38
14 52
14 70
14 145
14 149
14 185
14 186
14 188
14 257
15 30
15 38
15 145
15 159
15 196
15 222
15 224
15 270
16 36
16 40
16 102
16 229
17 21
17 54
17 126
17 128
17 232
17 237
18 66
18 87
18 264
18 265
19 49
19 91
19 98
19 189
20 49
20 85
20 91
21 31
21 51
21 83
21 232
22 23
22 40
22 47
22 130
22 229
23 40
23 47
23 242
24 25
24 32
24 56
24 83
25 32
25 56
25 83
25 104
26 41
27 109
28 35
29 76
29 182
29 190
29 234
30 145
31 37
31 45
31 51
31 83
31 250
32 48
32 83
32 100
32 104
32 131
32 158
32 187
32 230
32 231
32 256
32 262
32 264
32 265
33 42
33 43
33 152
33 162
33 269
35 81
35 136
35 236
36 115
36 130
36 144
36 164
36 208
36 229
36 254
37 45
37 50
37 56
37 62
37 73
37 83
37 195
37 213
37 244
37 245
37 250
38 145
38 151
38 185
38 188
38 222
38 247
39 58
39 66
39 80
39 87
39 112
40 229
41 99
41 114
41 136
41 138
41 146
41 154
41 163
41 165
41 198
41 202
42 89
42 162
42 275
42 277
43 107
43 127
43 140
43 152
43 168
43 175
43 200
43 235
43 253
43 274
44 94
44 153
44 161
44 179
44 271
45 51
45 250
46 49
46 51
46 98
46 189
47 130
47 208
47 242
48 158
48 244
48 266
49 91
49 98
49 189
50 62
50 195
51 189
51 250
52 64
52 70
52 149
52 185
52 186
52 257
52 276
53 69
53 148
53 199
53 260
53 277
54 126
54 220
54 232
55 88
55 132
55 172
55 223
55 272
56 83
56 104
56 213
56 230
56 245
57 134
57 137
57 243
57 261
58 66
58 72
58 80
58 110
58 142
58 174
58 212
58 251
59 60
59 124
59 146
59 150
59 202
60 124
60 150
60 178
60 206
60 209
61 69
61 89
61 113
61 120
61 139
61 148
61 275
61 277
62 195
62 244
62 266
63 68
63 78
63 92
63 178
63 181
64 149
64 276
65 84
65 153
65 161
65 252
66 87
66 112
66 142
67 68
67 79
67 101
67 205
67 241
67 268
67 276
68 79
68 92
68 181
68 205
69 106
69 113
69 123
69 148
69 199
69 260
70 186
71 153
71 175
71 274
72 142
72 170
72 183
72 184
72 212
73 250
74 89
74 162
74 176
74 180
74 227
75 150
76 90
76 117
76 182
76 190
76 193
76 238
76 262
77 78
77 204
77 206
77 209
77 259
78 122
78 178
78 181
78 209
78 259
79 108
79 113
79 181
79 203
79 241
80 112
80 174
80 251
80 263
80 272
81 136
81 163
81 198
82 94
82 135
82 166
82 179
82 196
82 239
82 270
82 271
83 100
83 213
83 220
83 232
84 161
84 171
84 273
85 109
86 133
86 210
86 233
87 96
87 112
87 156
87 264
88 111
88 119
88 169
88 172
88 174
88 212
88 214
88 223
88 251
89 120
89 162
89 180
89 275
90 117
90 183
90 193
90 246
90 262
92 124
92 178
92 205
93 97
93 132
93 194
94 135
94 161
94 271
94 273
95 101
95 106
95 113
95 241
96 156
96 264
97 125
97 132
98 189
99 173
99 202
99 205
99 276
100 190
100 220
100 231
100 262
101 106
101 177
101 185
101 241
101 268
101 276
103 107
103 111
103 169
103 194
103 214
103 235
103 269
104 230
105 156
105 157
105 256
105 264
106 113
106 123
106 185
107 194
107 200
107 235
107 269
108 122
108 160
108 181
108 201
108 203
110 212
110 251
111 169
111 214
112 156
112 263
113 120
113 139
113 148
113 203
113 241
114 136
115 164
115 192
115 218
115 240
115 243
115 254
116 176
116 211
116 227
116 238
116 248
117 183
117 238
118 166
118 167
118 228
118 267
119 212
119 214
119 269
120 139
120 160
120 180
121 162
121 170
121 183
121 211
121 212
121 217
121 227
121 269
122 143
122 164
122 181
122 201
122 259
123 151
123 185
123 207
123 215
123 260
124 178
124 202
124 205
125 132
125 225
126 134
126 147
126 182
126 219
126 220
126 237
127 140
127 168
127 175
128 134
128 237
128 261
129 156
129 225
129 226
129 263
129 272
130 208
130 229
131 187
131 231
131 246
132 194
132 223
132 225
132 272
133 145
133 233
133 255
133 257
134 219
134 237
134 243
134 261
135 159
135 171
135 224
135 270
135 273
136 198
137 242
137 243
137 254
137 261
138 146
138 154
139 160
139 203
140 167
140 168
140 175
140 199
140 215
140 253
140 260
140 267
140 277
141 197
141 210
142 183
142 184
142 187
142 212
142 246
143 164
143 201
143 259
144 164
144 221
144 259
145 197
145 255
145 257
146 150
146 202
147 182
147 219
147 220
147 238
147 248
148 277
149 177
149 185
149 276
150 206
151 185
151 196
151 207
151 247
153 161
153 175
153 179
153 191
153 239
153 249
153 252
153 274
154 165
155 167
155 175
155 191
155 228
155 249
155 258
156 157
156 226
156 263
156 264
157 264
158 230
158 244
158 245
159 224
160 180
160 192
160 201
160 203
160 218
161 171
161 273
162 180
162 227
162 269
163 198
164 201
164 218
164 259
166 196
166 228
166 239
166 258
166 267
167 175
167 228
167 267
168 175
168 253
169 194
169 223
170 183
170 212
170 217
171 273
172 174
172 272
173 216
173 276
174 251
174 263
174 272
175 249
175 274
176 180
176 192
176 227
176 240
176 248
177 185
177 276
178 181
178 209
179 239
179 271
180 192
180 218
181 203
182 220
182 234
182 238
183 184
183 211
183 217
183 238
183 246
184 246
186 257
187 246
187 264
187 265
189 250
190 220
190 234
190 262
191 239
191 249
191 258
192 218
192 240
193 231
193 246
193 262
194 223
194 235
195 244
196 207
196 215
196 222
196 247
196 267
196 270
197 210
197 233
197 255
199 260
199 277
200 235
200 252
200 274
201 218
202 205
203 241
204 206
204 259
205 268
205 276
206 209
207 215
207 267
208 242
208 254
210 233
211 217
211 227
211 238
212 251
212 269
214 269
215 260
215 267
216 276
217 227
219 243
220 232
220 234
221 259
222 247
222 270
224 270
225 226
225 272
226 272
228 258
230 245
231 246
231 262
233 255
237 261
238 248
239 258
240 243
240 248
241 268
242 254
242 261
243 254
244 245
244 266
252 274
256 264
263 272
264 265
268 276
275 277
