26 30
26 91
26 33
30 81
30 87
67 77
67 99
67 36
77 46
77 74
8 55
8 48
8 52
55 18
55 76
24 51
24 84
24 95
51 66
51 38
50 70
50 40
50 32
70 60
70 71
22 35
22 10
22 57
35 76
35 59
40 25
40 18
23 98
23 4
23 83
98 0
98 14
52 79
52 7
79 68
79 10
11 87
11 47
11 17
87 94
7 65
7 61
65 80
65 73
53 71
53 5
53 42
71 14
48 15
48 10
15 96
15 16
96 83
96 82
72 93
72 63
72 21
93 63
93 41
4 43
4 75
3 42
3 64
3 20
42 31
46 56
46 6
83 49
16 94
16 44
44 95
44 33
95 12
73 76
73 58
62 85
62 34
62 13
85 9
85 47
56 78
56 75
78 37
78 89
63 69
31 88
31 81
88 61
88 49
66 99
66 74
12 29
12 57
29 27
29 2
74 97
9 82
9 27
27 82
68 38
68 0
43 32
43 37
21 59
21 33
59 61
34 90
34 99
91 38
91 41
90 94
90 81
5 86
5 97
17 64
17 28
64 41
14 92
92 20
92 2
28 39
28 45
39 13
39 6
2 80
25 97
25 19
37 89
20 18
75 86
0 47
13 1
32 36
58 69
58 19
69 6
49 54
54 80
54 45
57 60
36 86
45 1
60 19
1 84
84 89
