0 13
13 1
13 11
13 35
13 76
13 39
13 62
13 30
13 22
13 71
1 35
1 71
35 2
35 4
35 5
35 8
35 9
35 14
35 16
35 19
35 20
35 26
35 27
35 28
35 29
35 33
35 73
35 63
35 68
35 52
35 55
35 74
35 61
35 54
35 42
35 56
35 37
35 58
35 44
35 41
35 50
35 67
35 71
35 64
35 57
35 59
2 51
2 44
2 26
2 4
2 57
2 54
2 42
2 60
2 38
2 66
2 23
2 25
2 69
2 31
51 44
44 26
26 4
26 5
26 8
26 28
26 56
26 68
26 33
26 52
26 42
26 55
26 61
26 54
26 29
26 41
4 20
4 9
4 19
4 37
4 16
54 5
54 14
54 15
54 17
54 33
54 42
54 46
54 48
54 52
54 68
54 55
54 56
54 72
42 17
42 33
42 70
42 52
42 55
42 46
42 56
60 23
60 25
60 31
60 38
60 66
60 69
38 23
38 25
38 31
38 66
38 69
66 23
66 25
66 31
66 69
23 25
23 69
23 31
25 69
25 31
69 31
31 14
31 56
3 47
3 75
3 6
3 68
3 45
3 18
3 32
3 65
3 8
3 63
47 6
47 8
47 18
47 32
47 65
47 75
47 63
47 68
75 6
75 8
75 14
75 18
75 32
75 36
75 63
75 65
75 68
6 14
6 45
6 8
6 63
6 36
6 32
6 68
6 65
6 18
68 5
68 7
68 8
68 10
68 14
68 15
68 18
68 32
68 36
68 40
68 45
68 52
68 55
68 63
68 65
45 8
45 18
45 32
45 63
18 8
18 14
18 36
18 65
18 32
18 63
32 8
32 14
32 46
32 36
32 65
32 63
65 8
65 14
65 36
65 63
8 36
8 33
8 63
8 14
63 14
63 36
20 9
20 16
20 19
20 37
9 19
9 37
9 16
19 16
19 37
37 16
5 15
5 46
5 33
5 52
5 55
15 33
15 46
15 52
15 55
46 14
46 17
46 33
46 36
46 52
46 55
33 52
33 55
52 55
14 56
14 24
14 36
14 72
14 21
14 73
14 27
36 49
7 53
10 40
12 41
41 74
56 24
56 27
56 28
56 73
56 61
24 73
24 27
72 43
21 73
73 27
73 70
27 34
27 43
